TLJ-509 6 4 7 31
AVY-894 6 15 7 33
ANF-997 6 17 8 3
ZVJ-638 6 20 7 31
AVY-894 6 23 7 33
ANF-997 6 26 8 3
DZW-809 6 26 8 10
QIW-685 6 26 8 0
TLJ-509 6 30 7 31
DZW-809 6 31 8 10
TLJ-509 6 32 7 31
ZVJ-638 6 33 7 31
GBT-583 6 35 8 32
QIW-685 6 37 8 0
ZVJ-638 6 39 7 31
GBT-583 6 41 8 32
VEP-987 6 41 7 54
AVY-894 6 42 7 33
GBT-583 6 42 8 32
ANF-997 6 43 8 3
DZW-809 6 43 8 10
VEP-987 6 43 7 54
XQE-678 6 48 7 51
TLJ-509 6 51 7 31
WBJ-706 6 51 8 9
ZVJ-638 6 52 7 31
QIW-685 6 53 8 0
DZW-809 6 54 8 10
GBT-583 6 54 8 32
TLJ-509 6 54 7 31
AVY-894 6 55 7 33
XBG-246 6 56 8 2
QIW-685 6 57 8 0
REY-831 6 57 8 49
AHR-856 7 0 8 26
XBG-246 7 0 8 2
ANF-997 7 1 8 3
VEP-987 7 1 7 54
GBT-583 7 3 8 32
AVY-894 7 4 7 33
CRZ-211 7 4 8 23
WBJ-706 7 4 8 9
ANF-997 7 5 8 3
AVY-894 7 5 7 33
DZW-809 7 5 8 10
TLJ-509 7 7 7 31
XQE-678 7 8 7 51
CAN-252 7 9 8 57
QIW-685 7 9 8 0
ZVJ-638 7 12 7 31
REY-831 7 13 8 49
GBT-583 7 14 8 32
VEP-987 7 15 7 54
WBJ-706 7 16 8 9
DZW-809 7 17 8 10
CAN-252 7 18 8 57
AHR-856 7 19 8 26
QIW-685 7 19 8 0
TLJ-509 7 19 7 31
XBG-246 7 20 8 2
ANF-997 7 21 8 3
IXU-478 7 21 9 6
REY-831 7 21 8 49
ZVJ-638 7 21 7 31
CAN-252 7 22 8 57
AVY-894 7 23 7 33
CRZ-211 7 23 8 23
VEP-987 7 23 7 54
XQE-678 7 23 7 51
ZVJ-638 7 23 7 31
CRZ-211 7 24 8 23
DZW-809 7 24 8 10
LAB-103 7 25 8 37
XBG-246 7 25 8 2
SMI-792 7 26 8 49
NRH-967 7 27 9 21
PAL-958 7 27 8 33
LAB-103 7 28 8 37
TLJ-509 7 30 7 31
ZVJ-638 7 31 7 31
AHR-856 7 32 8 26
VEP-987 7 32 7 54
WBJ-706 7 32 8 9
AVY-894 7 33 7 33
CAN-252 7 33 8 57
QIW-685 7 33 8 0
ANF-997 7 34 8 3
GBT-583 7 34 8 32
XBG-246 7 34 8 2
AHR-856 7 36 8 26
DZW-809 7 37 8 10
SMI-792 7 37 8 49
VJV-253 7 37 9 3
IXU-478 7 38 9 6
LAB-103 7 38 8 37
PAL-958 7 38 8 33
CAN-252 7 39 8 57
NRH-967 7 40 9 21
QIW-685 7 40 8 0
REY-831 7 40 8 49
VEP-987 7 40 7 54
CRZ-211 7 41 8 23
QIW-685 7 41 8 0
XJU-790 7 42 8 58
AHR-856 7 43 8 26
XQE-678 7 43 7 51
LAB-103 7 44 8 37
PAL-958 7 44 8 33
XBG-246 7 44 8 2
XJU-790 7 44 8 58
PAL-958 7 45 8 33
WBJ-706 7 45 8 9
ANF-997 7 46 8 3
WBJ-706 7 48 8 9
GBT-583 7 49 8 32
SMI-792 7 49 8 49
EVJ-817 7 50 9 18
IXU-478 7 50 9 6
XJU-790 7 50 8 58
REY-831 7 51 8 49
XBG-246 7 51 8 2
XQE-678 7 51 7 51
YTG-756 7 51 8 54
ANF-997 7 52 8 3
CAN-252 7 53 8 57
DZW-809 7 53 8 10
LAB-103 7 54 8 37
VEP-987 7 54 7 54
QHR-146 7 55 9 20
VJV-253 7 55 9 3
XBG-246 7 55 8 2
NRH-967 7 56 9 21
PAL-958 7 56 8 33
AHR-856 7 57 8 26
QIW-685 7 57 8 0
XJU-790 7 57 8 58
YNG-677 7 57 9 33
EVJ-817 7 58 9 18
LAB-103 7 58 8 37
AHR-856 7 59 8 26
IGA-812 8 0 10 12
ANF-997 8 0 8 3
QIW-685 8 0 8 0
CRZ-211 8 1 8 23
WBJ-706 8 1 8 9
XJU-790 8 1 8 58
GBT-583 8 2 8 32
LBZ-642 8 2 9 27
XBG-246 8 2 8 2
AHR-856 8 3 8 26
ANF-997 8 3 8 3
XOU-513 8 3 9 16
CRZ-211 8 4 8 23
GBT-583 8 4 8 32
PWH-148 8 4 9 31
SMI-792 8 4 8 49
VJV-253 8 5 9 3
PWH-148 8 6 9 31
REY-831 8 6 8 49
CRZ-211 8 7 8 23
LBZ-642 8 7 9 27
PAL-958 8 7 8 33
REY-831 8 8 8 49
WBJ-706 8 8 8 9
YTG-756 8 9 8 54
CAN-252 8 10 8 57
DZW-809 8 10 8 10
IXU-478 8 10 9 6
PAL-958 8 10 8 33
EVJ-817 8 11 9 18
LBZ-642 8 11 9 27
REY-831 8 11 8 49
GBT-583 8 12 8 32
NRH-967 8 12 9 21
XJU-790 8 13 8 58
AHR-856 8 15 8 26
CRZ-211 8 15 8 23
LAB-103 8 15 8 37
QHR-146 8 15 9 20
XJU-790 8 16 8 58
XOU-513 8 16 9 16
IXU-478 8 17 9 6
XOU-513 8 17 9 16
YNG-677 8 17 9 33
IGA-812 8 18 10 12
PWH-148 8 18 9 31
IGA-812 8 19 10 12
IXU-478 8 19 9 6
CAN-252 8 21 8 57
XJU-790 8 21 8 58
SMI-792 8 22 8 49
CAN-252 8 23 8 57
CRZ-211 8 23 8 23
EVJ-817 8 23 9 18
LAB-103 8 23 8 37
SMI-792 8 23 8 49
VJV-253 8 23 9 3
YTG-756 8 23 8 54
XOU-513 8 24 9 16
QHR-146 8 25 9 20
YNG-677 8 25 9 33
AHR-856 8 26 8 26
PAL-958 8 26 8 33
VJV-253 8 26 9 3
IGA-812 8 27 10 12
XJU-790 8 27 8 58
IXU-478 8 29 9 6
NRH-967 8 30 9 21
XOU-513 8 30 9 16
LBZ-642 8 31 9 27
QHR-146 8 31 9 20
REY-831 8 31 8 49
SMI-792 8 31 8 49
GBT-583 8 32 8 32
PAL-958 8 32 8 33
PWH-148 8 32 9 31
SMI-792 8 32 8 49
YNG-677 8 32 9 33
PAL-958 8 33 8 33
XOU-513 8 33 9 16
QHR-146 8 34 9 20
XOU-513 8 34 9 16
YNG-677 8 34 9 33
XOU-513 8 35 9 16
YYS-439 8 36 9 39
LAB-103 8 37 8 37
REY-831 8 37 8 49
PWH-148 8 38 9 31
YTG-756 8 39 8 54
EVJ-817 8 40 9 18
XOU-513 8 40 9 16
YNG-677 8 41 9 33
CAN-252 8 42 8 57
VJV-253 8 42 9 3
NRH-967 8 44 9 21
IGA-812 8 45 10 12
QHR-146 8 45 9 20
YNG-677 8 45 9 33
LBZ-642 8 46 9 27
XJU-790 8 47 8 58
IXU-478 8 48 9 6
IGA-812 8 49 10 12
REY-831 8 49 8 49
SMI-792 8 49 8 49
XOU-513 8 49 9 16
VJV-253 8 52 9 3
IXU-478 8 53 9 6
EVJ-817 8 54 9 18
NRH-967 8 54 9 21
YTG-756 8 54 8 54
YYS-439 8 55 9 39
EVJ-817 8 56 9 18
YNG-677 8 56 9 33
YYS-439 8 56 9 39
CAN-252 8 57 8 57
PWH-148 8 57 9 31
EGM-432 8 58 10 16
XJU-790 8 58 8 58
YYS-439 8 58 9 39
XOU-513 9 1 9 16
NRH-967 9 2 9 21
YNG-677 9 2 9 33
BSD-809 9 3 10 24
LBZ-642 9 3 9 27
NRH-967 9 3 9 21
VJV-253 9 3 9 3
QHR-146 9 4 9 20
LBZ-642 9 5 9 27
IXU-478 9 6 9 6
LBZ-642 9 6 9 27
NRH-967 9 6 9 21
IGA-812 9 7 10 12
IPF-342 9 7 10 22
LBZ-642 9 7 9 27
BSD-809 9 9 10 24
PWH-148 9 10 9 31
IGA-812 9 11 10 12
EVJ-817 9 12 9 18
NRH-967 9 12 9 21
QHR-146 9 12 9 20
NRH-967 9 13 9 21
EVJ-817 9 14 9 18
EGM-432 9 16 10 16
XOU-513 9 16 9 16
YNG-677 9 16 9 33
YYS-439 9 16 9 39
BSD-809 9 17 10 24
EVJ-817 9 18 9 18
PWH-148 9 18 9 31
IPF-342 9 19 10 22
ULO-196 9 19 11 23
QHR-146 9 20 9 20
NRH-967 9 21 9 21
ULO-196 9 22 11 23
IPF-342 9 24 10 22
LBZ-642 9 25 9 27
YNG-677 9 27 9 33
IPF-342 9 28 10 22
ULO-196 9 28 11 23
IGA-812 9 29 10 12
PWH-148 9 30 9 31
EGM-432 9 31 10 16
IGA-812 9 31 10 12
PWH-148 9 31 9 31
RWA-135 9 31 10 26
IGA-812 9 32 10 12
BSD-809 9 33 10 24
MLZ-472 9 33 10 31
YNG-677 9 33 9 33
YYS-439 9 34 9 39
BSD-809 9 35 10 24
VPM-742 9 35 10 42
YWB-474 9 38 11 32
YYS-439 9 39 9 39
EGM-432 9 40 10 16
VPM-742 9 44 10 42
IPF-342 9 47 10 22
ULO-196 9 47 11 23
IGA-812 9 49 10 12
RWA-135 9 49 10 26
BSD-809 9 50 10 24
ULO-196 9 50 11 23
YWB-474 9 51 11 32
RWA-135 9 52 10 26
MLZ-472 9 53 10 31
EGM-432 9 54 10 16
FOD-954 9 56 11 44
KJF-939 9 57 12 13
JYY-568 9 58 11 27
MLZ-472 9 58 10 31
VPM-742 9 58 10 42
YWI-396 9 58 11 12
KJF-939 10 0 12 13
JYY-568 10 1 11 27
RDX-643 10 1 11 54
SXM-299 10 2 11 23
BSD-809 10 5 10 24
EGM-432 10 5 10 16
FOD-954 10 6 11 44
EGM-432 10 7 10 16
IPF-342 10 7 10 22
IGA-812 10 8 10 12
RWA-135 10 8 10 26
KJF-939 10 9 12 13
VPM-742 10 9 10 42
FOD-954 10 10 11 44
ULO-196 10 10 11 23
YWB-474 10 11 11 32
YWI-396 10 11 11 12
BSD-809 10 12 10 24
IGA-812 10 12 10 12
JYY-568 10 13 11 27
KJF-939 10 13 12 13
MGI-382 10 13 12 7
MLZ-472 10 13 10 31
RWA-135 10 13 10 26
MGI-382 10 14 12 7
RDX-643 10 14 11 54
EGM-432 10 16 10 16
FOD-954 10 16 11 44
YWB-474 10 18 11 32
VPM-742 10 20 10 42
YWI-396 10 20 11 12
KJF-939 10 21 12 13
YWI-396 10 21 11 12
IPF-342 10 22 10 22
RWA-135 10 22 10 26
ULO-196 10 22 11 23
BSD-809 10 24 10 24
SXM-299 10 24 11 23
VOW-763 10 24 12 6
RDX-643 10 25 11 54
ULO-196 10 25 11 23
FOD-954 10 26 11 44
RWA-135 10 26 10 26
ULO-196 10 26 11 23
ANT-170 10 27 12 2
YWI-396 10 27 11 12
JYY-568 10 28 11 27
MMS-949 10 28 11 45
LBB-313 10 29 12 20
MGI-382 10 30 12 7
VPM-742 10 30 10 42
MLZ-472 10 31 10 31
YWB-474 10 32 11 32
ULO-196 10 33 11 23
VOW-763 10 33 12 6
LBB-313 10 34 12 20
SXM-299 10 35 11 23
MMS-949 10 37 11 45
KJF-939 10 39 12 13
JYY-568 10 40 11 27
KJF-939 10 40 12 13
RDX-643 10 41 11 54
ANT-170 10 42 12 2
VPM-742 10 42 10 42
ULO-196 10 44 11 23
ANT-170 10 45 12 2
MGI-382 10 45 12 7
SXM-299 10 45 11 23
BVX-430 10 46 12 3
FOD-954 10 46 11 44
SXM-299 10 46 11 23
YWB-474 10 46 11 32
LBB-313 10 47 12 20
SXM-299 10 47 11 23
VOW-763 10 47 12 6
YWI-396 10 47 11 12
BVX-430 10 49 12 3
DNK-752 10 49 12 2
ULO-196 10 51 11 23
RQA-219 10 52 12 9
JYY-568 10 53 11 27
RDX-643 10 53 11 54
ULO-196 10 53 11 23
AJY-424 10 54 12 9
KJF-939 10 54 12 13
MGI-382 10 55 12 7
MMS-949 10 55 11 45
PJH-404 10 56 12 1
RDX-643 10 56 11 54
KJF-939 10 57 12 13
LBB-313 10 57 12 20
YWB-474 10 57 11 32
FOD-954 10 58 11 44
VVJ-776 10 59 12 2
MGI-382 11 0 12 7
YWB-474 11 0 11 32
MMS-949 11 1 11 45
ODZ-391 11 1 12 12
YWI-396 11 1 11 12
KJF-939 11 2 12 13
PJH-404 11 3 12 1
ANT-170 11 4 12 2
SXM-299 11 4 11 23
DNK-752 11 5 12 2
RDX-643 11 6 11 54
VVJ-776 11 6 12 2
JYY-568 11 7 11 27
LBB-313 11 7 12 20
RQA-219 11 7 12 9
VOW-763 11 7 12 6
BVX-430 11 9 12 3
VOW-763 11 9 12 6
ULO-196 11 10 11 23
KJF-939 11 11 12 13
REB-528 11 11 12 16
BVX-430 11 12 12 3
DNK-752 11 12 12 2
MGI-382 11 12 12 7
SXM-299 11 12 11 23
YWI-396 11 12 11 12
ODZ-391 11 13 12 12
ULO-196 11 13 11 23
AJY-424 11 14 12 9
GDG-841 11 14 12 46
RQA-219 11 14 12 9
VVJ-776 11 17 12 2
ANT-170 11 18 12 2
FOD-954 11 18 11 44
MMS-949 11 18 11 45
SXM-299 11 18 11 23
ANT-170 11 19 12 2
EBD-866 11 19 12 44
RDX-643 11 19 11 54
YWB-474 11 19 11 32
GDG-841 11 20 12 46
ODZ-391 11 21 12 12
PJH-404 11 21 12 1
RQA-219 11 21 12 9
VVJ-776 11 21 12 2
XDU-199 11 22 12 27
SXM-299 11 23 11 23
ULO-196 11 23 11 23
EBD-866 11 24 12 44
IGI-697 11 24 12 55
MGI-382 11 25 12 7
RDX-643 11 25 11 54
YBE-878 11 25 12 27
YNT-992 11 25 13 7
LBB-313 11 26 12 20
MMS-949 11 26 11 45
ANT-170 11 27 12 2
BVX-430 11 27 12 3
FOD-954 11 27 11 44
JBC-453 11 27 12 53
JYY-568 11 27 11 27
KJF-939 11 27 12 13
DNK-752 11 28 12 2
RDX-643 11 28 11 54
AJY-424 11 29 12 9
FOD-954 11 29 11 44
LBB-313 11 29 12 20
VOW-763 11 29 12 6
VVJ-776 11 29 12 2
WUZ-748 11 30 13 3
BVX-430 11 31 12 3
EBD-866 11 31 12 44
GDG-841 11 31 12 46
ODZ-391 11 31 12 12
REB-528 11 31 12 16
IGI-697 11 32 12 55
YWB-474 11 32 11 32
ANT-170 11 33 12 2
DNK-752 11 33 12 2
YOG-608 11 33 13 28
FOD-954 11 34 11 44
MGI-382 11 34 12 7
MMS-949 11 34 11 45
JBC-453 11 35 12 53
JLZ-827 11 35 13 9
QDY-669 11 35 13 33
FOD-954 11 36 11 44
MMS-949 11 36 11 45
AJY-424 11 37 12 9
BVX-430 11 37 12 3
FOD-954 11 37 11 44
PJH-404 11 37 12 1
RQA-219 11 37 12 9
YBE-878 11 38 12 27
GDG-841 11 40 12 46
RDX-643 11 40 11 54
XDU-199 11 40 12 27
AJY-424 11 41 12 9
KJF-939 11 41 12 13
ANT-170 11 42 12 2
REB-528 11 42 12 16
KJF-939 11 43 12 13
PJH-404 11 43 12 1
FOD-954 11 44 11 44
ODZ-391 11 44 12 12
VOW-763 11 44 12 6
YOG-608 11 44 13 28
BIB-666 11 45 13 7
EBD-866 11 45 12 44
KJF-939 11 45 12 13
MMS-949 11 45 11 45
YNT-992 11 45 13 7
JBC-453 11 46 12 53
PJH-404 11 46 12 1
VVJ-776 11 46 12 2
AJY-424 11 47 12 9
IGI-697 11 47 12 55
LBB-313 11 47 12 20
BIB-666 11 48 13 7
MGI-382 11 48 12 7
REB-528 11 49 12 16
RQA-219 11 49 12 9
XDU-199 11 49 12 27
LBB-313 11 50 12 20
WUZ-748 11 50 13 3
YOG-608 11 50 13 28
DNK-752 11 51 12 2
IGI-697 11 51 12 55
MGI-382 11 51 12 7
VOW-763 11 51 12 6
VVJ-776 11 51 12 2
YOG-608 11 51 13 28
JBC-453 11 53 12 53
VOW-763 11 53 12 6
YBE-878 11 53 12 27
ANT-170 11 54 12 2
BVX-430 11 54 12 3
JLZ-827 11 54 13 9
ODZ-391 11 54 12 12
RDX-643 11 54 11 54
QDY-669 11 55 13 33
JLZ-827 11 56 13 9
AJY-424 11 57 12 9
ANT-170 11 57 12 2
EBD-866 11 57 12 44
LBB-313 11 57 12 20
XEW-447 11 58 13 14
GDG-841 11 59 12 46
YOG-608 11 59 13 28
KJF-939 12 0 12 13
BVX-430 12 1 12 3
PJH-404 12 1 12 1
YOG-608 12 1 13 28
ANT-170 12 2 12 2
DNK-752 12 2 12 2
EBD-866 12 2 12 44
REB-528 12 2 12 16
VVJ-776 12 2 12 2
YNT-992 12 2 13 7
BVX-430 12 3 12 3
VOW-763 12 3 12 6
AJY-424 12 5 12 9
JBC-453 12 5 12 53
WXQ-980 12 5 13 46
BIB-666 12 6 13 7
VOW-763 12 6 12 6
BIB-666 12 7 13 7
MGI-382 12 7 12 7
AOU-781 12 8 13 20
YNT-992 12 8 13 7
AJY-424 12 9 12 9
IGI-697 12 9 12 55
JLZ-827 12 9 13 9
QDY-669 12 9 13 33
RQA-219 12 9 12 9
WUZ-748 12 9 13 3
XDU-199 12 9 12 27
YBE-878 12 9 12 27
DZV-238 12 10 13 19
ODZ-391 12 10 12 12
AOU-781 12 11 13 20
GDG-841 12 12 12 46
KJF-939 12 12 12 13
ODZ-391 12 12 12 12
KJF-939 12 13 12 13
LOE-855 12 15 13 58
XEW-447 12 15 13 14
AOU-781 12 16 13 20
BIB-666 12 16 13 7
DUO-691 12 16 14 9
EBD-866 12 16 12 44
LBB-313 12 16 12 20
REB-528 12 16 12 16
YNT-992 12 17 13 7
YOG-608 12 17 13 28
YNT-992 12 18 13 7
IFP-464 12 19 13 35
QLO-953 12 19 13 30
DUO-691 12 20 14 9
LBB-313 12 20 12 20
QDY-669 12 20 13 33
YBE-878 12 20 12 27
WXQ-980 12 21 13 46
JBC-453 12 22 12 53
GXJ-255 12 24 14 16
YBE-878 12 24 12 27
IFP-464 12 25 13 35
XEW-447 12 26 13 14
DZV-238 12 27 13 19
WUZ-748 12 27 13 3
XDU-199 12 27 12 27
YBE-878 12 27 12 27
IGI-697 12 28 12 55
WUZ-748 12 28 13 3
COV-427 12 29 13 57
JLZ-827 12 29 13 9
WXQ-980 12 29 13 46
YOG-608 12 29 13 28
GDG-841 12 31 12 46
XEW-447 12 31 13 14
DZV-238 12 32 13 19
BIB-666 12 33 13 7
LOE-855 12 33 13 58
QLO-953 12 33 13 30
COV-427 12 34 13 57
EBD-866 12 34 12 44
PLB-935 12 34 13 59
QDY-669 12 34 13 33
IFP-464 12 35 13 35
AOU-781 12 36 13 20
DUO-691 12 37 14 9
IGI-697 12 37 12 55
JBC-453 12 37 12 53
PLB-935 12 37 13 59
QLO-953 12 37 13 30
YNT-992 12 37 13 7
JBC-453 12 38 12 53
YOG-608 12 38 13 28
WUZ-748 12 39 13 3
XEW-447 12 39 13 14
BIB-666 12 40 13 7
DZV-238 12 40 13 19
JLZ-827 12 42 13 9
COV-427 12 43 13 57
EAF-976 12 43 13 44
KCC-666 12 43 14 47
WXQ-980 12 43 13 46
YOG-608 12 43 13 28
EBD-866 12 44 12 44
GXJ-255 12 44 14 16
QLO-953 12 44 13 30
QDY-669 12 45 13 33
XEW-447 12 45 13 14
BIB-666 12 46 13 7
EAF-976 12 46 13 44
GDG-841 12 46 12 46
JBC-453 12 46 12 53
JLZ-827 12 46 13 9
BIB-666 12 47 13 7
WXQ-980 12 47 13 46
LOE-855 12 48 13 58
DZV-238 12 49 13 19
PLB-935 12 49 13 59
QLO-953 12 49 13 30
JBC-453 12 50 12 53
DZV-238 12 51 13 19
DUO-691 12 52 14 9
PLB-935 12 52 13 59
COV-427 12 53 13 57
JBC-453 12 53 12 53
WUZ-748 12 53 13 3
IFP-464 12 54 13 35
JAN-415 12 54 14 32
IGI-697 12 55 12 55
YOG-608 12 55 13 28
AOU-781 12 56 13 20
KRW-966 12 56 15 2
YNT-992 12 56 13 7
HDM-201 12 57 14 31
JAN-415 12 57 14 32
COV-427 12 58 13 57
DZV-238 12 58 13 19
JAN-415 12 58 14 32
JLZ-827 12 58 13 9
KCC-666 12 58 14 47
XEW-447 12 58 13 14
AOU-781 13 0 13 20
BIB-666 13 0 13 7
GXJ-255 13 0 14 16
WXQ-980 13 0 13 46
DZV-238 13 1 13 19
KRW-966 13 1 15 2
GXJ-255 13 2 14 16
KRW-966 13 3 15 2
QDY-669 13 3 13 33
WUZ-748 13 3 13 3
EAF-976 13 4 13 44
IFP-464 13 4 13 35
DUO-691 13 5 14 9
BIB-666 13 6 13 7
PLB-935 13 6 13 59
BIB-666 13 7 13 7
YNT-992 13 7 13 7
GXJ-255 13 8 14 16
LOE-855 13 8 13 58
QLO-953 13 8 13 30
JLZ-827 13 9 13 9
LOE-855 13 9 13 58
YOG-608 13 9 13 28
HDM-201 13 10 14 31
IFP-464 13 10 13 35
KCC-666 13 10 14 47
IFP-464 13 12 13 35
COV-427 13 13 13 57
JAN-415 13 13 14 32
QLO-953 13 13 13 30
ACW-799 13 14 14 31
HDM-201 13 14 14 31
XEW-447 13 14 13 14
JAN-415 13 15 14 32
QDY-669 13 17 13 33
YOG-608 13 18 13 28
DZV-238 13 19 13 19
AOU-781 13 20 13 20
KRW-966 13 20 15 2
WXQ-980 13 20 13 46
LOE-855 13 21 13 58
YOG-608 13 21 13 28
DUO-691 13 22 14 9
EAF-976 13 22 13 44
MEE-911 13 22 15 3
HDM-201 13 23 14 31
PLB-935 13 23 13 59
KCC-666 13 24 14 47
GXJ-255 13 25 14 16
IFP-464 13 25 13 35
YVF-713 13 25 15 11
ACW-799 13 26 14 31
COV-427 13 26 13 57
YVF-713 13 26 15 11
ACW-799 13 27 14 31
KCC-666 13 27 14 47
MEE-911 13 28 15 3
YOG-608 13 28 13 28
KHG-476 13 29 15 38
LOE-855 13 29 13 58
PLB-935 13 29 13 59
EAF-976 13 30 13 44
QLO-953 13 30 13 30
HDM-201 13 32 14 31
MEE-911 13 32 15 3
YVF-713 13 32 15 11
DUO-691 13 33 14 9
JAN-415 13 33 14 32
KHG-476 13 33 15 38
QDY-669 13 33 13 33
XUL-568 13 33 14 38
YVF-713 13 33 15 11
IFP-464 13 35 13 35
JAN-415 13 35 14 32
KCC-666 13 36 14 47
KRW-966 13 36 15 2
PLB-935 13 36 13 59
WXQ-980 13 36 13 46
ACW-799 13 37 14 31
GXJ-255 13 37 14 16
RIN-632 13 37 15 32
DUO-691 13 38 14 9
COV-427 13 39 13 57
KRW-966 13 39 15 2
LOE-855 13 42 13 58
EAF-976 13 43 13 44
LOE-855 13 43 13 58
EAF-976 13 44 13 44
KRW-966 13 44 15 2
KHG-476 13 45 15 38
MEE-911 13 45 15 3
DUO-691 13 46 14 9
HDM-201 13 46 14 31
WXQ-980 13 46 13 46
COV-427 13 47 13 57
JAN-415 13 47 14 32
MJH-289 13 48 15 20
KCC-666 13 49 14 47
PLB-935 13 49 13 59
XUL-568 13 49 14 38
MJH-289 13 50 15 20
YVF-713 13 50 15 11
ACW-799 13 52 14 31
JAN-415 13 52 14 32
GXJ-255 13 53 14 16
KXL-767 13 53 14 51
MEE-911 13 54 15 3
TOW-520 13 54 15 41
YVF-713 13 54 15 11
OYW-763 13 56 15 25
RIN-632 13 56 15 32
COV-427 13 57 13 57
OYW-763 13 57 15 25
LOE-855 13 58 13 58
KCC-666 13 59 14 47
KHG-476 13 59 15 38
PLB-935 13 59 13 59
SQP-759 14 0 15 50
MEE-911 14 1 15 3
YVF-713 14 1 15 11
KRW-966 14 2 15 2
XUL-568 14 2 14 38
GXJ-255 14 3 14 16
DUO-691 14 5 14 9
HDM-201 14 5 14 31
JAN-415 14 5 14 32
KXL-767 14 5 14 51
YVF-713 14 6 15 11
KRW-966 14 7 15 2
MEE-911 14 7 15 3
GXJ-255 14 8 14 16
MJH-289 14 8 15 20
DUO-691 14 9 14 9
YVF-713 14 10 15 11
ACW-799 14 11 14 31
KCC-666 14 11 14 47
YWA-957 14 11 15 38
OYW-763 14 12 15 25
SQP-759 14 12 15 50
RIN-632 14 13 15 32
TOW-520 14 13 15 41
KCC-666 14 15 14 47
KHG-476 14 15 15 38
GXJ-255 14 16 14 16
JAN-415 14 18 14 32
ACW-799 14 19 14 31
KXL-767 14 19 14 51
RIN-632 14 19 15 32
XUL-568 14 20 14 38
ENF-817 14 21 15 24
SQP-759 14 21 15 50
YWA-957 14 21 15 38
HDM-201 14 22 14 31
KXL-767 14 22 14 51
YWA-957 14 22 15 38
KRW-966 14 23 15 2
MEE-911 14 24 15 3
RIN-632 14 24 15 32
YVF-713 14 24 15 11
KHG-476 14 25 15 38
XUL-568 14 25 14 38
TOW-520 14 27 15 41
MJH-289 14 28 15 20
KHG-476 14 29 15 38
NSM-658 14 29 15 42
OYW-763 14 29 15 25
TOW-520 14 29 15 41
KCC-666 14 30 14 47
ACW-799 14 31 14 31
HDM-201 14 31 14 31
KXL-767 14 31 14 51
YWA-957 14 31 15 38
JAN-415 14 32 14 32
KCC-666 14 32 14 47
KRW-966 14 32 15 2
SQP-759 14 32 15 50
SYI-554 14 32 15 59
KHG-476 14 33 15 38
LXT-673 14 35 16 19
MEE-911 14 35 15 3
TOW-520 14 36 15 41
UAH-979 14 36 16 1
ENF-817 14 37 15 24
RIN-632 14 37 15 32
XUL-568 14 38 14 38
OYW-763 14 39 15 25
SYI-554 14 39 15 59
YVF-713 14 39 15 11
OYW-763 14 40 15 25
KCC-666 14 41 14 47
KHG-476 14 41 15 38
MJH-289 14 42 15 20
NSM-658 14 42 15 42
LXT-673 14 44 16 19
RIN-632 14 44 15 32
SYI-554 14 45 15 59
KCC-666 14 47 14 47
MJH-289 14 47 15 20
UAH-979 14 49 16 1
SQP-759 14 50 15 50
TOW-520 14 50 15 41
YWA-957 14 50 15 38
KRW-966 14 51 15 2
KXL-767 14 51 14 51
MEE-911 14 51 15 3
ENF-817 14 52 15 24
NSM-658 14 53 15 42
GBY-628 14 54 16 13
YVF-713 14 54 15 11
HRM-886 14 57 16 12
OYW-763 14 59 15 25
NSM-658 15 0 15 42
KHG-476 15 1 15 38
SYI-554 15 1 15 59
ENF-817 15 2 15 24
KRW-966 15 2 15 2
LXT-673 15 3 16 19
MEE-911 15 3 15 3
LXT-673 15 4 16 19
MJH-289 15 4 15 20
QIQ-677 15 4 16 37
RIN-632 15 4 15 32
UAH-979 15 4 16 1
ENF-817 15 6 15 24
GBY-628 15 6 16 13
KHG-476 15 6 15 38
NSM-658 15 7 15 42
UAH-979 15 7 16 1
GBY-628 15 8 16 13
SQP-759 15 8 15 50
TOW-520 15 8 15 41
DCV-860 15 9 16 51
OYW-763 15 9 15 25
YWA-957 15 9 15 38
RIN-632 15 10 15 32
TOW-520 15 10 15 41
YVF-713 15 11 15 11
HRM-886 15 12 16 12
KHG-476 15 12 15 38
MJH-289 15 12 15 20
VVY-772 15 12 16 52
MOI-843 15 14 16 58
LXT-673 15 16 16 19
OYW-763 15 16 15 25
KHG-476 15 18 15 38
LPX-982 15 20 17 27
MJH-289 15 20 15 20
SYI-554 15 20 15 59
LPX-982 15 21 17 27
NSM-658 15 21 15 42
QIQ-677 15 21 16 37
TOW-520 15 21 15 41
MOI-843 15 22 16 58
OYW-763 15 22 15 25
YWA-957 15 23 15 38
ENF-817 15 24 15 24
GBY-628 15 24 16 13
KHG-476 15 24 15 38
MOI-843 15 24 16 58
UAH-979 15 24 16 1
OYW-763 15 25 15 25
RIN-632 15 25 15 32
SQP-759 15 25 15 50
NSM-658 15 26 15 42
HRM-886 15 27 16 12
DCV-860 15 28 16 51
GBY-628 15 29 16 13
HRM-886 15 29 16 12
MOI-843 15 29 16 58
DCV-860 15 31 16 51
TLM-786 15 31 16 51
UAH-979 15 31 16 1
VVY-772 15 31 16 52
NSM-658 15 32 15 42
RIN-632 15 32 15 32
SZP-117 15 32 17 34
TOW-520 15 32 15 41
SQP-759 15 33 15 50
TOW-520 15 33 15 41
LPX-982 15 34 17 27
LXT-673 15 34 16 19
VVY-772 15 37 16 52
WYW-759 15 37 16 47
KHG-476 15 38 15 38
MOI-843 15 38 16 58
TOW-520 15 38 15 41
UAH-979 15 38 16 1
YWA-957 15 38 15 38
DCV-860 15 39 16 51
QIQ-677 15 39 16 37
SYI-554 15 39 15 59
TOW-520 15 39 15 41
VVY-772 15 39 16 52
YWO-651 15 40 16 53
SYI-554 15 41 15 59
TOW-520 15 41 15 41
NSM-658 15 42 15 42
VVY-772 15 42 16 52
YWO-651 15 42 16 53
HRM-886 15 43 16 12
BZX-116 15 44 17 10
MOI-843 15 44 16 58
CCI-417 15 45 17 10
HRM-886 15 45 16 12
LPX-982 15 47 17 27
LXT-673 15 47 16 19
WYW-759 15 47 16 47
BZX-116 15 49 17 10
GBY-628 15 49 16 13
SZP-117 15 49 17 34
VVY-772 15 49 16 52
GBY-628 15 50 16 13
SQP-759 15 50 15 50
TLM-786 15 50 16 51
HRM-886 15 51 16 12
MOI-843 15 52 16 58
SZP-117 15 52 17 34
DCV-860 15 53 16 51
BZX-116 15 54 17 10
HRM-886 15 55 16 12
UAH-979 15 56 16 1
YWO-651 15 56 16 53
QIQ-677 15 57 16 37
KRQ-990 15 58 18 0
SZP-117 15 58 17 34
VVY-772 15 58 16 52
DCV-860 15 59 16 51
KPW-390 15 59 17 13
SYI-554 15 59 15 59
XES-972 15 59 17 6
WSV-225 16 0 17 18
HRM-886 16 0 16 12
MOI-843 16 0 16 58
LXT-673 16 1 16 19
TLM-786 16 1 16 51
UAH-979 16 1 16 1
MOI-843 16 3 16 58
WYW-759 16 3 16 47
XES-972 16 3 17 6
SZP-117 16 4 17 34
WSV-225 16 4 17 18
XES-972 16 4 17 6
CCI-417 16 5 17 10
HRM-886 16 6 16 12
KPW-390 16 6 17 13
REC-263 16 6 17 52
KPW-390 16 7 17 13
LPX-982 16 7 17 27
QIQ-677 16 7 16 37
LPX-982 16 8 17 27
YWO-651 16 8 16 53
GBY-628 16 9 16 13
KPW-390 16 9 17 13
WSV-225 16 9 17 18
BZX-116 16 11 17 10
HRM-886 16 11 16 12
DCV-860 16 12 16 51
HRM-886 16 12 16 12
JYM-112 16 12 18 3
GBY-628 16 13 16 13
JIS-167 16 14 17 38
MOI-843 16 14 16 58
SZP-117 16 15 17 34
VVY-772 16 15 16 52
KRQ-990 16 16 18 0
DXJ-132 16 17 17 20
QIQ-677 16 17 16 37
REC-263 16 17 17 52
YWO-651 16 17 16 53
XES-972 16 18 17 6
BZX-116 16 19 17 10
KPW-390 16 19 17 13
KRQ-990 16 19 18 0
LXT-673 16 19 16 19
WSV-225 16 19 17 18
YWO-651 16 19 16 53
JYM-112 16 20 18 3
WYW-759 16 20 16 47
CCI-417 16 21 17 10
TLM-786 16 21 16 51
UDV-335 16 23 18 8
JIS-167 16 24 17 38
LPX-982 16 25 17 27
DCV-860 16 27 16 51
VVY-772 16 27 16 52
BZX-116 16 28 17 10
KPW-390 16 29 17 13
YWO-651 16 29 16 53
CCI-417 16 30 17 10
REC-263 16 30 17 52
XES-972 16 30 17 6
DXJ-132 16 31 17 20
MOI-843 16 31 16 58
SZP-117 16 31 17 34
TLM-786 16 32 16 51
KRQ-990 16 35 18 0
VVY-772 16 35 16 52
WYW-759 16 35 16 47
JYM-112 16 36 18 3
KPW-390 16 36 17 13
WSV-225 16 36 17 18
QIQ-677 16 37 16 37
WSV-225 16 37 17 18
KRQ-990 16 38 18 0
LIQ-669 16 38 18 0
UDV-335 16 38 18 8
QUG-586 16 39 18 16
GIT-136 16 41 18 11
JYM-112 16 41 18 3
LIQ-669 16 41 18 0
QUG-586 16 41 18 16
BZX-116 16 43 17 10
JIS-167 16 43 17 38
SZP-117 16 43 17 34
TLM-786 16 43 16 51
YWO-651 16 45 16 53
LIQ-669 16 46 18 0
LPX-982 16 46 17 27
QUG-586 16 46 18 16
XES-972 16 46 17 6
DCV-860 16 47 16 51
GIT-136 16 47 18 11
REC-263 16 47 17 52
WYW-759 16 47 16 47
DXJ-132 16 48 17 20
KWX-130 16 48 18 14
QUG-586 16 48 18 16
REC-263 16 48 17 52
KPW-390 16 49 17 13
TLM-786 16 49 16 51
CCI-417 16 50 17 10
MOI-843 16 50 16 58
RIN-366 16 50 18 29
DCV-860 16 51 16 51
TLM-786 16 51 16 51
LPX-982 16 52 17 27
REC-263 16 52 17 52
VVY-772 16 52 16 52
WSV-225 16 52 17 18
YWO-651 16 53 16 53
CCI-417 16 54 17 10
KEE-771 16 54 18 1
QUG-586 16 54 18 16
KRQ-990 16 55 18 0
REC-263 16 55 17 52
UDV-335 16 55 18 8
KEE-771 16 56 18 1
KPW-390 16 56 17 13
MYO-207 16 56 18 10
NQJ-152 16 56 18 11
CCI-417 16 57 17 10
DXJ-132 16 57 17 20
LIQ-669 16 57 18 0
REC-263 16 57 17 52
TIB-382 16 57 18 9
MOI-843 16 58 16 58
QLP-495 16 58 18 58
SZP-117 16 58 17 34
KWX-130 16 59 18 14
MYO-207 16 59 18 10
BZX-116 17 0 17 10
JIS-167 17 0 17 38
JYM-112 17 0 18 3
LIQ-669 17 0 18 0
NQJ-152 17 0 18 11
UDV-335 17 0 18 8
TIB-382 17 1 18 9
JIS-167 17 2 17 38
NQJ-152 17 3 18 11
QUG-586 17 3 18 16
CCI-417 17 4 17 10
KEE-771 17 4 18 1
QUG-586 17 4 18 16
BZX-116 17 5 17 10
GIT-136 17 5 18 11
SZP-117 17 5 17 34
CCI-417 17 6 17 10
KWX-130 17 6 18 14
SZP-117 17 6 17 34
XES-972 17 6 17 6
JIS-167 17 7 17 38
KEO-382 17 7 19 5
LPX-982 17 7 17 27
CCI-417 17 8 17 10
RIN-366 17 8 18 29
SZP-117 17 8 17 34
BZX-116 17 10 17 10
CCI-417 17 10 17 10
DXJ-132 17 10 17 20
KSD-687 17 10 18 57
QUG-586 17 10 18 16
WSV-225 17 10 17 18
LPX-982 17 11 17 27
RIN-366 17 11 18 29
GIT-136 17 12 18 11
KPW-390 17 12 17 13
KRQ-990 17 13 18 0
LIQ-669 17 13 18 0
MYO-207 17 13 18 10
CEQ-702 17 14 18 25
QUG-586 17 14 18 16
QLP-495 17 15 18 58
UDV-335 17 15 18 8
WSV-225 17 16 17 18
JYM-112 17 17 18 3
KRQ-990 17 17 18 0
MFD-162 17 17 19 16
REC-263 17 17 17 52
SZP-117 17 17 17 34
WSV-225 17 17 17 18
BIJ-348 17 18 18 56
DXJ-132 17 18 17 20
UDV-335 17 18 18 8
WSV-225 17 18 17 18
RIN-366 17 19 18 29
DXJ-132 17 20 17 20
GIT-136 17 20 18 11
KEE-771 17 20 18 1
KEO-382 17 20 19 5
KSD-687 17 20 18 57
NPR-419 17 20 18 28
NQJ-152 17 20 18 11
GIT-136 17 21 18 11
JIS-167 17 21 17 38
JYM-112 17 21 18 3
TIB-382 17 21 18 9
PWQ-509 17 22 18 43
SZP-117 17 24 17 34
CEQ-702 17 25 18 25
KRQ-990 17 25 18 0
KWX-130 17 25 18 14
MYO-207 17 25 18 10
QUG-586 17 25 18 16
MFD-162 17 26 19 16
OAT-328 17 26 18 39
LPX-982 17 27 17 27
JYM-112 17 28 18 3
REC-263 17 28 17 52
BIJ-348 17 29 18 56
PWQ-509 17 30 18 43
QUG-586 17 30 18 16
IYA-363 17 31 18 50
KEE-771 17 31 18 1
KSD-687 17 31 18 57
LIQ-669 17 31 18 0
TIB-382 17 31 18 9
OAT-328 17 32 18 39
QLP-495 17 32 18 58
JIS-167 17 33 17 38
NQJ-152 17 33 18 11
SZP-117 17 34 17 34
KEO-382 17 35 19 5
KSD-687 17 35 18 57
NPR-419 17 35 18 28
TIB-382 17 35 18 9
UDV-335 17 35 18 8
GIT-136 17 36 18 11
QLP-495 17 36 18 58
IYA-363 17 37 18 50
KWX-130 17 37 18 14
JIS-167 17 38 17 38
NPR-419 17 39 18 28
RIN-366 17 39 18 29
GIT-136 17 40 18 11
IYA-363 17 40 18 50
JPB-924 17 40 18 48
YHC-736 17 40 19 17
KEO-382 17 41 19 5
NPR-419 17 41 18 28
CEQ-702 17 42 18 25
KSD-687 17 42 18 57
MFD-162 17 42 19 16
MYO-207 17 42 18 10
JYM-112 17 43 18 3
KRQ-990 17 43 18 0
MFD-162 17 43 19 16
JPB-924 17 44 18 48
KEE-771 17 44 18 1
PWQ-509 17 44 18 43
QUG-586 17 44 18 16
REC-263 17 44 17 52
LIQ-669 17 45 18 0
OAT-328 17 45 18 39
PWQ-509 17 46 18 43
TIB-382 17 46 18 9
NPR-419 17 47 18 28
QUG-586 17 47 18 16
RIN-366 17 47 18 29
SOZ-286 17 47 19 19
UDV-335 17 47 18 8
BIJ-348 17 49 18 56
KSD-687 17 49 18 57
GIT-136 17 50 18 11
GVB-358 17 51 19 5
REC-263 17 51 17 52
JPB-924 17 52 18 48
KEO-382 17 52 19 5
LIQ-669 17 52 18 0
NQJ-152 17 52 18 11
QUG-586 17 52 18 16
REC-263 17 52 17 52
SOZ-286 17 52 19 19
BIJ-348 17 54 18 56
IYA-363 17 55 18 50
KSD-687 17 55 18 57
KWX-130 17 55 18 14
QLP-495 17 55 18 58
SOZ-286 17 55 19 19
UDV-335 17 55 18 8
TIB-382 17 57 18 9
CEQ-702 17 58 18 25
JPB-924 17 58 18 48
MFD-162 17 58 19 16
MYO-207 17 58 18 10
QUG-586 17 58 18 16
RIN-366 17 58 18 29
YHC-736 17 58 19 17
GIT-136 17 59 18 11
MYO-207 17 59 18 10
QLP-495 17 59 18 58
JPB-924 18 0 18 48
KRQ-990 18 0 18 0
KSD-687 18 0 18 57
LIQ-669 18 0 18 0
KEE-771 18 1 18 1
PWQ-509 18 1 18 43
QLP-495 18 1 18 58
SOZ-286 18 1 19 19
KSD-687 18 2 18 57
JYM-112 18 3 18 3
TPQ-107 18 3 19 47
VAI-856 18 3 19 33
NQJ-152 18 5 18 11
OAT-328 18 5 18 39
QLP-495 18 5 18 58
KEO-382 18 6 19 5
NPR-419 18 6 18 28
XOS-780 18 6 18 58
IYA-363 18 7 18 50
MFD-162 18 7 19 16
MYO-207 18 7 18 10
TPQ-107 18 7 19 47
CEQ-702 18 8 18 25
NQJ-152 18 8 18 11
UDV-335 18 8 18 8
WCQ-793 18 8 19 23
TIB-382 18 9 18 9
GVB-358 18 10 19 5
MYO-207 18 10 18 10
TPQ-107 18 10 19 47
GIT-136 18 11 18 11
NQJ-152 18 11 18 11
QLP-495 18 11 18 58
YHC-736 18 12 19 17
PWQ-509 18 13 18 43
BIJ-348 18 14 18 56
KWX-130 18 14 18 14
QUG-586 18 14 18 16
RIN-366 18 14 18 29
XOS-780 18 14 18 58
NPR-419 18 15 18 28
QUG-586 18 15 18 16
BIJ-348 18 16 18 56
PWQ-509 18 16 18 43
QUG-586 18 16 18 16
GVB-358 18 17 19 5
KSD-687 18 17 18 57
TVE-792 18 17 20 14
JPB-924 18 18 18 48
RIN-366 18 18 18 29
VAI-856 18 19 19 33
WCQ-793 18 19 19 23
CEQ-702 18 20 18 25
IYA-363 18 20 18 50
KEO-382 18 20 19 5
OAT-328 18 20 18 39
MFD-162 18 21 19 16
SOZ-286 18 21 19 19
TVE-792 18 21 20 14
YHC-736 18 21 19 17
NPR-419 18 22 18 28
SOZ-286 18 22 19 19
CEQ-702 18 25 18 25
JPB-924 18 25 18 48
LOC-186 18 25 20 22
PWQ-509 18 25 18 43
QLP-495 18 26 18 58
TPQ-107 18 26 19 47
VAI-856 18 26 19 33
BIJ-348 18 27 18 56
KEO-382 18 27 19 5
LOC-186 18 27 20 22
UXW-519 18 27 19 38
KSD-687 18 28 18 57
NPR-419 18 28 18 28
YHC-736 18 28 19 17
BIJ-348 18 29 18 56
JPB-924 18 29 18 48
RIN-366 18 29 18 29
IYA-363 18 30 18 50
XOS-780 18 30 18 58
TVE-792 18 32 20 14
GVB-358 18 34 19 5
LOC-186 18 34 20 22
XOS-780 18 34 18 58
OAT-328 18 35 18 39
KEO-382 18 36 19 5
MFD-162 18 36 19 16
TPQ-107 18 36 19 47
GVB-358 18 37 19 5
TTO-958 18 37 19 49
WCQ-793 18 37 19 23
OAT-328 18 39 18 39
PYP-756 18 39 20 0
TTO-958 18 39 19 49
PWQ-509 18 40 18 43
SOZ-286 18 40 19 19
VAI-856 18 41 19 33
BIJ-348 18 42 18 56
KSD-687 18 42 18 57
YHC-736 18 42 19 17
PWQ-509 18 43 18 43
GVB-358 18 44 19 5
QLP-495 18 44 18 58
TVE-792 18 45 20 14
UXW-519 18 45 19 38
BIJ-348 18 47 18 56
JPB-924 18 47 18 48
LOC-186 18 47 20 22
JPB-924 18 48 18 48
KEO-382 18 48 19 5
XOS-780 18 48 18 58
GVB-358 18 49 19 5
WCQ-793 18 49 19 23
IYA-363 18 50 18 50
TPQ-107 18 52 19 47
VAI-856 18 52 19 33
KEO-382 18 53 19 5
MHR-541 18 53 20 13
YHC-736 18 53 19 17
PYP-756 18 54 20 0
SOZ-286 18 54 19 19
BIJ-348 18 56 18 56
LOC-186 18 56 20 22
MFD-162 18 56 19 16
TTO-958 18 56 19 49
VAI-856 18 56 19 33
KSD-687 18 57 18 57
TVE-792 18 57 20 14
WCQ-793 18 57 19 23
YDX-618 18 57 20 23
QLP-495 18 58 18 58
XOS-780 18 58 18 58
YHC-736 18 58 19 17
RCN-437 19 1 20 15
SOZ-286 19 2 19 19
UXW-519 19 3 19 38
VBD-552 19 3 20 38
MFD-162 19 4 19 16
GVB-358 19 5 19 5
KEO-382 19 5 19 5
MHR-541 19 6 20 13
TVE-792 19 6 20 14
YDX-618 19 6 20 23
TTO-958 19 8 19 49
TPQ-107 19 9 19 47
WCQ-793 19 9 19 23
VBD-552 19 11 20 38
YDX-618 19 11 20 23
CUP-476 19 12 20 28
RCN-437 19 12 20 15
WYX-634 19 12 20 30
CUP-476 19 13 20 28
LOC-186 19 13 20 22
HHN-981 19 14 21 23
PYP-756 19 14 20 0
VAI-856 19 15 19 33
MFD-162 19 16 19 16
TPQ-107 19 16 19 47
DUN-492 19 17 21 10
YHC-736 19 17 19 17
HHN-981 19 18 21 23
WYX-634 19 18 20 30
SOZ-286 19 19 19 19
UXW-519 19 21 19 38
VAI-856 19 21 19 33
VBD-552 19 21 20 38
LOC-186 19 22 20 22
TVE-792 19 22 20 14
WCQ-793 19 23 19 23
WYX-634 19 23 20 30
LOC-186 19 25 20 22
MHR-541 19 25 20 13
VAI-856 19 25 19 33
MHR-541 19 26 20 13
TTO-958 19 26 19 49
PYP-756 19 27 20 0
WYX-634 19 27 20 30
YDX-618 19 27 20 23
CUP-476 19 28 20 28
RCN-437 19 29 20 15
TPQ-107 19 30 19 47
TVE-792 19 30 20 14
CUP-476 19 32 20 28
DUN-492 19 33 21 10
VAI-856 19 33 19 33
YDX-618 19 33 20 23
MHR-541 19 34 20 13
VBD-552 19 34 20 38
TTO-958 19 35 19 49
LOC-186 19 36 20 22
HHN-981 19 38 21 23
UXW-519 19 38 19 38
YDX-618 19 38 20 23
PYP-756 19 39 20 0
MHR-541 19 40 20 13
VBD-552 19 40 20 38
CUP-476 19 42 20 28
LOC-186 19 42 20 22
DUN-492 19 44 21 10
HHN-981 19 45 21 23
TVE-792 19 45 20 14
WYX-634 19 46 20 30
TPQ-107 19 47 19 47
YDX-618 19 47 20 23
RCN-437 19 49 20 15
TTO-958 19 49 19 49
HHN-981 19 50 21 23
YDX-618 19 52 20 23
VBD-552 19 53 20 38
WYX-634 19 54 20 30
LOC-186 19 56 20 22
CQM-593 19 57 21 29
HHN-981 19 57 21 23
IRE-878 19 57 22 0
LOC-186 19 57 20 22
PYP-756 19 57 20 0
HHN-981 19 59 21 23
MHR-541 20 0 20 13
PYP-756 20 0 20 0
QTA-765 20 0 20 58
CUP-476 20 1 20 28
WYX-634 20 2 20 30
DUN-492 20 3 21 10
RCN-437 20 3 20 15
TVE-792 20 3 20 14
LOC-186 20 4 20 22
YDX-618 20 5 20 23
IRE-878 20 7 22 0
QTA-765 20 7 20 58
YDX-618 20 7 20 23
KDU-839 20 8 22 20
CQM-593 20 9 21 29
VBD-552 20 12 20 38
WYX-634 20 12 20 30
CUP-476 20 13 20 28
HHN-981 20 13 21 23
MHR-541 20 13 20 13
TVE-792 20 14 20 14
LOC-186 20 15 20 22
RCN-437 20 15 20 15
IRE-878 20 17 22 0
CQM-593 20 18 21 29
DUN-492 20 18 21 10
PVR-152 20 18 21 26
QTA-765 20 18 20 58
PVR-152 20 20 21 26
TVL-509 20 20 21 52
CQM-593 20 22 21 29
KDU-839 20 22 22 20
LOC-186 20 22 20 22
TMA-338 20 23 21 32
TVL-509 20 23 21 52
VBD-552 20 23 20 38
YDX-618 20 23 20 23
KDU-839 20 24 22 20
PVR-152 20 24 21 26
QTA-765 20 24 20 58
DRO-722 20 25 21 31
VND-401 20 25 21 38
PVR-152 20 27 21 26
CUP-476 20 28 20 28
KDU-839 20 28 22 20
TMA-338 20 29 21 32
CQM-593 20 30 21 29
HHN-981 20 30 21 23
WYX-634 20 30 20 30
CQM-593 20 31 21 29
DUN-492 20 31 21 10
QTA-765 20 31 20 58
IRE-878 20 32 22 0
TVL-509 20 34 21 52
DRO-722 20 37 21 31
VBD-552 20 38 20 38
DUN-492 20 39 21 10
PVR-152 20 40 21 26
KDU-839 20 41 22 20
TMA-338 20 41 21 32
VND-401 20 41 21 38
QTA-765 20 43 20 58
VND-401 20 44 21 38
TVL-509 20 45 21 52
TMA-338 20 46 21 32
CQM-593 20 48 21 29
DRO-722 20 48 21 31
HHN-981 20 49 21 23
IRE-878 20 50 22 0
DUN-492 20 52 21 10
HHN-981 20 53 21 23
TMA-338 20 53 21 32
PVR-152 20 54 21 26
QTA-765 20 54 20 58
DUN-492 20 55 21 10
HHN-981 20 56 21 23
KDU-839 20 56 22 20
VND-401 20 57 21 38
IRE-878 20 58 22 0
QTA-765 20 58 20 58
MWO-680 20 59 22 45
CQM-593 21 1 21 29
VND-401 21 1 21 38
MWO-680 21 2 22 45
PVR-152 21 2 21 26
TVL-509 21 2 21 52
DRO-722 21 3 21 31
MWO-680 21 5 22 45
TMA-338 21 5 21 32
HHN-981 21 6 21 23
KDU-839 21 8 22 20
DUN-492 21 10 21 10
PVR-152 21 12 21 26
IRE-878 21 14 22 0
TVL-509 21 14 21 52
TMA-338 21 17 21 32
KDU-839 21 19 22 20
MWO-680 21 19 22 45
CQM-593 21 20 21 29
DRO-722 21 21 21 31
VND-401 21 21 21 38
HHN-981 21 23 21 23
MWO-680 21 24 22 45
PVR-152 21 25 21 26
CQM-593 21 26 21 29
IRE-878 21 26 22 0
PVR-152 21 26 21 26
TVL-509 21 28 21 52
CQM-593 21 29 21 29
DRO-722 21 31 21 31
TMA-338 21 32 21 32
KDU-839 21 33 22 20
TVL-509 21 35 21 52
VND-401 21 38 21 38
MWO-680 21 39 22 45
IRE-878 21 44 22 0
MWO-680 21 44 22 45
TVL-509 21 44 21 52
MWO-680 21 46 22 45
IRE-878 21 48 22 0
KDU-839 21 49 22 20
TVL-509 21 52 21 52
KDU-839 21 59 22 20
IRE-878 22 0 22 0
MWO-680 22 1 22 45
KDU-839 22 2 22 20
MWO-680 22 13 22 45
KDU-839 22 16 22 20
MWO-680 22 31 22 45
